layout_spectrum: 0.4645543
typography_spectrum: 0.6815252
color:
  saturation: 0.697637
  lightness: 0.8619764
  brandStrength: 0.02473684
  rhythmicContrast: 0.4495167
name: Cosboudoir
