layout_spectrum: 0.4645543
color:
  saturation: 0.7481203
  brandStrength: 0.02473684
  lightness: 0.2422127
  rhythmicContrast: 0.06820623
typography_spectrum: 0.6815252
name: Cosboudoir
